image: /home/amov/amovcar/src/R300/r300_function/maps/r300_map2511061.pgm
resolution: 0.050000
origin: [-3.996721, -9.415152, 0.000000]
negate: 0
occupied_thresh: 0.65
free_thresh: 0.196

