image: /home/amov/amovcar/src/R300/r300_function/maps/r300_map20251105.pgm
resolution: 0.050000
origin: [-5.361926, -1.844087, 0.000000]
negate: 0
occupied_thresh: 0.65
free_thresh: 0.196

